100 100
89 5
109 6
89 11
109 13
88 16
108 20
87 22
106 27
85 27
104 33
83 33
102 40
81 38
99 46
78 43
96 52
75 48
92 58
72 52
88 64
69 57
84 70
65 61
80 75
61 65
75 80
57 69
70 84
52 72
64 88
48 75
58 92
43 78
52 96
38 81
46 99
33 83
40 102
27 85
33 104
22 87
27 106
16 88
20 108
11 89
13 109
5 89
6 109
0 90
0 110
-5 89
-6 109
-11 89
-13 109
-16 88
-20 108
-22 87
-27 106
-27 85
-33 104
-33 83
-40 102
-38 81
-46 99
-43 78
-52 96
-48 75
-58 92
-52 72
-64 88
-57 69
-70 84
-61 65
-75 80
-65 61
-80 75
-69 57
-84 70
-72 52
-88 64
-75 48
-92 58
-78 43
-96 52
-81 38
-99 46
-83 33
-102 40
-85 27
-104 33
-87 22
-106 27
-88 16
-108 20
-89 11
-109 13
-89 5
-109 6
-90 0
0 0
