99 100
-120 1
110 2
-110 3
110 4
-110 5
110 6
-110 7
110 8
-110 9
110 10
-110 11
110 12
-110 13
110 14
-110 15
110 16
-110 17
110 18
-110 19
110 20
-110 21
110 22
-110 23
110 24
-110 25
110 26
-110 27
110 28
-110 29
110 30
-110 31
110 32
-110 33
110 34
-110 35
110 36
-110 37
110 38
-110 39
110 40
-110 41
110 42
-110 43
110 44
-110 45
110 46
-110 47
110 48
-110 49
110 50
-110 51
110 52
-110 53
110 54
-110 55
110 56
-110 57
110 58
-110 59
110 60
-110 61
110 62
-110 63
110 64
-110 65
110 66
-110 67
110 68
-110 69
110 70
-110 71
110 72
-110 73
110 74
-110 75
110 76
-110 77
110 78
-110 79
110 80
-110 81
110 82
-110 83
110 84
-110 85
110 86
-110 87
110 88
-110 89
110 90
-110 91
110 92
-110 93
110 94
-110 95
110 96
-110 97
110 98
-120 99
