100 150
-250 2
248 2
248 118
-248 118
-248 116
246 116
246 4
-246 4
-246 6
244 6
244 114
-244 114
-244 112
242 112
242 8
-242 8
-242 10
240 10
240 110
-240 110
-240 108
238 108
238 12
-238 12
-238 14
236 14
236 106
-236 106
-236 104
234 104
234 16
-234 16
-234 18
232 18
232 102
-232 102
-232 100
230 100
230 20
-230 20
-230 22
228 22
228 98
-228 98
-228 96
226 96
226 24
-226 24
-226 26
224 26
224 94
-224 94
-224 92
222 92
222 28
-222 28
-222 30
220 30
220 90
-220 90
-220 88
218 88
218 32
-218 32
-218 34
216 34
216 86
-216 86
-216 84
214 84
214 36
-214 36
-214 38
212 38
212 82
-212 82
-212 80
210 80
210 40
-210 40
-210 42
208 42
208 78
-208 78
-208 76
206 76
206 44
-206 44
-206 46
204 46
204 74
-204 74
-204 72
202 72
202 48
-202 48
-202 50
200 50
200 70
-250 70
