70 1000
1376 577
1433 747
1194 105
1175 137
276 195
361 172
409 153
-283 110
-623 149
-678 314
442 577
255 427
321 540
-136 404
-163 306
467 400
867 513
-120 192
1387 655
981 849
993 870
1438 925
1440 403
1475 77
1471 908
1461 1325
394 394
1053 1212
1486 1344
963 1484
951 1321
1240 1345
275 912
6 862
635 1203
261 1022
858 1355
-122 1438
-845 1407
-1073 1361
-1130 1327
-1382 958
-349 980
-775 1023
-1066 1129
-580 1247
-69 1199
-554 1113
238 1079
-449 676
-1339 846
-1195 925
-1373 954
-1477 718
-1332 756
-164 548
-1395 731
-1389 607
-657 183
-1416 591
-1124 161
-1157 220
-606 107
772 99
-723 19
-308 0
933 60
-33 54
1400 102
1442 104
