100 1000
10 1131
-195 913
-758 803
227 512
-304 371
76 425
315 444
772 171
370 631
878 82
325 275
247 179
-483 294
-220 565
-589 505
-748 574
-143 606
-802 618
-837 389
-611 377
-995 80
-420 245
-142 159
34 128
-597 317
493 68
956 43
935 664
993 483
987 773
958 1069
739 704
960 1044
887 900
739 351
89 894
-20 823
6 1005
116 939
209 983
158 984
159 1120
59 1176
83 1229
176 1188
427 901
327 930
162 1084
295 920
257 806
234 813
640 531
647 919
707 763
622 1012
364 1368
394 1160
640 950
246 1129
5 1396
356 1410
639 1157
712 843
711 756
989 1131
913 1295
817 1389
847 1324
705 1474
444 1484
-34 1494
-216 1413
-443 1412
-594 1375
-522 1316
-573 1187
-797 1148
-828 945
-787 1033
18 1447
-338 1007
-563 1120
-663 1067
-884 901
-724 985
-618 960
-286 898
69 1300
86 1293
-76 830
-14 757
352 654
217 519
-210 670
203 526
-375 795
-50 1002
-122 952
-239 846
-115 765
