60 1000
171 508
-110 699
-267 878
-49 817
620 443
513 428
240 608
529 194
770 228
942 562
637 888
927 734
860 1036
-447 875
237 962
648 1025
481 1015
-758 1141
-423 1158
218 1187
-140 1159
752 1103
395 1289
784 1242
894 1167
944 1271
890 1419
482 1318
163 1428
-663 1350
-821 1327
-672 1316
56 1246
188 1395
130 1189
-578 1212
-935 1330
-260 1393
-372 1391
-875 1401
448 1477
-955 1406
-956 756
-934 817
-264 492
-541 537
-600 540
-681 204
-718 369
-854 576
-846 162
-646 56
-517 481
46 454
-156 297
-454 115
256 145
429 229
36 210
220 609
