90 1000
-1025 202
-530 86
76 123
-769 32
-496 20
961 73
1458 149
1367 444
209 319
964 389
1023 338
-63 253
-595 265
275 896
403 502
154 698
97 765
-401 400
-175 384
-290 322
1100 477
1285 597
1066 584
1463 927
902 760
1155 948
1290 924
907 1443
1162 1139
1135 1280
1178 1494
988 1498
855 1497
-134 1465
1028 1482
576 1445
682 1141
853 1295
892 816
833 609
482 602
333 786
702 1078
-464 867
22 804
-80 673
-286 653
-145 596
-1070 662
-1333 797
-1175 863
-208 1262
-477 1150
-245 1152
-134 1340
184 1353
-32 990
405 1216
393 1246
305 1378
390 1435
-558 1442
-289 1375
88 1352
-130 1344
-978 1342
-584 1442
-874 1406
-1443 1309
-648 1190
-931 966
-1116 1055
-1398 1183
-1478 919
-1410 830
-1292 497
-1464 544
-1315 395
-1024 473
-1238 572
-929 598
-219 568
-577 473
-1046 348
-902 306
-601 229
-727 254
-1485 243
-1123 38
-560 62
