60 1000
407 330
795 140
949 259
942 604
679 458
872 1103
622 1233
1290 1257
1222 1132
1202 1191
848 917
1203 1157
1221 365
1498 1186
1310 1401
300 1327
277 848
471 1154
576 845
415 1032
124 338
-278 609
-470 570
119 754
-28 1193
-138 1013
-124 877
-591 1161
-121 854
-697 787
-1048 769
-1183 866
-1335 811
-760 1255
-794 1084
-423 1300
-586 1403
-636 1406
-1208 953
-859 1283
-940 1389
-282 1442
-1407 1484
-1377 1416
-1427 970
-1417 657
-1309 287
-1354 196
-936 109
-584 398
-801 583
-1164 178
-1287 458
-1391 711
-944 553
-753 765
-344 365
-564 256
82 11
786 1062
