100 1000
-1258 519
-1363 1005
-1220 1204
-1248 828
-1245 562
-855 917
-1056 746
-771 1095
44 1249
-225 1152
826 1327
524 1197
674 1165
1346 1431
686 1361
774 1320
-67 1357
-175 1388
61 1393
1013 1431
-68 1371
864 1383
1128 1433
-371 1436
149 1487
395 1476
274 1500
-1451 1349
38 1429
-315 1367
-106 1328
-1473 1185
-1489 416
-1384 290
-1055 235
-456 180
57 154
-100 173
276 176
-615 241
-1107 328
-1084 264
-1236 430
395 175
452 141
721 83
-368 155
-591 104
-418 53
-1232 180
-1322 279
-1451 222
-1382 7
-971 4
-150 18
52 93
513 84
280 36
1158 77
518 167
-166 287
-616 384
-913 564
-511 949
-239 503
453 288
-549 515
-106 366
-376 362
1057 177
413 493
813 228
405 371
-296 659
-242 725
215 566
771 363
1046 256
1107 360
894 454
803 438
877 515
910 515
1458 727
1149 1074
1100 1128
451 1178
999 843
89 1094
446 813
464 887
794 702
849 625
387 642
740 398
-118 750
228 678
457 521
84 1059
-456 1112
