90 1000
-684 518
-693 140
-46 85
-361 152
278 434
35 182
627 653
312 264
358 65
237 245
2 56
488 62
452 115
631 30
425 134
765 297
985 393
972 543
755 629
787 569
706 535
708 533
661 526
461 431
968 790
207 516
990 801
846 1394
709 1461
766 1414
953 899
691 1087
771 1162
735 1371
584 847
-93 833
16 635
511 783
-232 265
-490 566
-228 426
-439 605
-695 1164
-464 928
-263 620
-251 1255
-438 1109
-292 937
-617 1104
-798 1316
-630 1130
-310 1324
-86 1235
199 1120
8 1159
210 995
28 1131
-4 1001
15 1121
-243 959
54 928
278 1011
262 1357
440 1216
236 890
597 992
580 1411
573 1319
97 1411
152 1312
32 1327
-75 1473
-147 1474
-676 1479
-186 1462
-225 1408
50 1314
247 1191
-671 1439
-986 1360
-893 21
-815 337
-723 428
-807 1128
-639 617
-452 401
-762 1043
-366 244
-550 174
-521 436
