80 1000
-594 599
-968 947
-966 1012
-936 1075
-848 1025
-565 1133
-916 1143
331 1227
706 568
805 763
833 858
1002 562
1127 181
325 725
384 662
519 486
-56 928
289 800
547 781
240 1125
112 1108
-51 1048
229 1185
-781 783
2 272
-194 127
1097 110
-254 562
-432 640
873 193
997 164
-366 732
-280 805
1197 132
853 922
1265 338
1222 1138
1259 1241
1056 1352
1276 1296
1301 1361
1290 1398
-92 1470
-909 1492
890 1482
-1201 1494
-36 1380
872 1326
-559 1363
1129 1265
1017 1072
864 1155
-642 1366
-484 1334
-585 1203
-837 1263
-645 1395
-1064 1238
-1208 1062
-639 558
-469 342
-1168 269
-788 457
-938 746
-1195 630
-1046 728
-1249 1112
-1353 1302
-1360 922
-1143 431
-1269 193
-1307 260
-1457 202
-1083 83
-907 77
-717 115
-1057 173
-1013 195
-848 253
-168 222
