70 1000
409 856
378 587
144 1220
-75 1104
-174 1106
-444 796
-427 647
-588 514
-583 787
-865 380
-803 294
-803 215
-899 313
-880 58
-485 87
-320 113
-524 324
-361 405
-341 581
-143 741
93 531
-13 395
-71 303
-368 242
-142 63
-740 13
-5 64
34 399
109 203
67 137
242 307
107 245
540 573
407 977
532 1017
297 1269
652 1024
441 965
709 419
590 91
705 132
870 360
986 226
980 616
973 945
880 363
771 412
704 1311
-71 1277
192 1414
901 1279
875 1369
625 1376
221 1482
-574 1089
-749 1103
-474 1316
-614 1399
-578 1475
-830 953
-919 567
-924 617
-938 428
-965 609
-973 684
-932 232
-787 828
-365 1075
212 1264
346 1086
