80 1000
-50 101
199 0
302 26
702 460
501 260
639 526
936 918
499 21
545 20
526 42
999 6
968 981
862 1192
343 363
576 806
804 1411
253 311
213 773
283 988
403 1084
485 1130
333 700
564 1190
164 939
640 1291
770 1412
686 1493
72 1412
-72 1327
-46 469
3 861
30 1000
121 1063
-38 437
-539 623
-440 737
-424 1041
-421 1172
-197 1274
-212 1033
-513 631
-288 588
-134 1337
-197 1159
-121 1455
-182 1464
-184 1464
-583 1312
-502 1348
-201 1466
-908 1479
-628 1440
-692 642
-850 599
-919 633
-967 1078
-911 409
-762 273
-609 697
-530 989
-788 324
-459 1224
-557 513
-496 426
-646 579
-605 317
-432 192
-558 31
-544 161
-830 291
-651 22
-305 2
-205 368
-243 326
-266 252
-404 360
-243 510
448 224
337 115
-206 374
